-0.5123650542471,0.7001557733898, 1, 0, 0, //0
        -0.5388912997582,0.6987315454429, 1, 0, 0,
        -0.5659812724935,0.6958653045026, 1, 0, 0,
        -0.5878759999326,0.6935194408484, 1, 0, 0,
        -0.608502041175 ,0.6897670975525, 1, 0, 0,
        -0.6309590807568,0.6851454392813, 1, 0, 0,
        -0.6529446733568,0.6787696174273, 1, 0, 0,
        -0.6714125711407,0.6723937955733, 1, 0, 0,
        -0.6907598926286,0.6644789822373, 1, 0, 0,
        -0.7116462055986,0.6556847451974, 1, 0, 0,
        -0.7307736711605,0.6440323811194, 1, 0, 0,
        -0.7470430096845,0.6323800170414, 1, 0, 0,
        -0.7542083016469,0.6231192683211, 1, 0, 0,
        -0.7576709994297,0.6124940283211, 1, 0, 0,
        -0.7561137966244,0.6185143221255, 1, 0, 0,
        -0.7581325698263,0.6051772827753, 1, 0, 0,
        -0.7575361206833,0.5978547192149, 1, 0, 0,
        -0.7550961265372,0.5905347367768, 1, 0, 0,
        -0.75           ,0.58           , 1, 0, 0,
        -0.7428961558071,0.5706393998938, 1, 0, 0,
        -0.7368071159407,0.562628556284 , 1, 0, 0,
        -0.7274352987643,0.5520639623761, 1, 0, 0,
        -0.7165929615036,0.543110939432 , 1, 0, 0,
        -0.7048727308022,0.5365049912185, 1, 0, 0,
        -0.688677502924 ,0.5278746395203, 1, 0, 0,
        -0.6576100215344,0.5160737407135, 1, 0, 0,
        -0.6332843101336,0.5086047855859, 1, 0, 0,
        -0.6030296698132,0.500716039829 , 1, 0, 0,
        -0.5825709445535,0.4959481165693, 1, 0, 0,
        -0.5619388402663,0.4910935037958, 1, 0, 0,
        -0.5427804577138,0.48823274984  , 1, 0, 0,
        -0.5224951114817,0.4859788224809, 1, 0, 0,
        -0.5016896281668,0.4834648265804, 1, 0, 0,
        -0.4798438706862,0.4816443467903, 1, 0, 0,
        -0.455354101846 ,0.4796426723206, 1, 0, 0,
        -0.4287984710343,0.4819353448169, 1, 0, 0,
        -0.4082695426681,0.4840142236387, 1, 0, 0,
        -0.3880004741546,0.4868726820189, 1, 0, 0,
        -0.3687708450521,0.4907705798099, 1, 0, 0,
        -0.3503207955078,0.494668477601 , 1, 0, 0,
        -0.3314434368371,0.4994024708113, 1, 0, 0,
        -0.3140436484643,0.5048024051339, 1, 0, 0,
        -0.2966438600914,0.5105023358078, 1, 0, 0,
        -0.278644079016 ,0.5171022555354, 1, 0, 0,
        -0.2636442614532,0.5243021679656, 1, 0, 0,
        -0.2474444584853,0.533002062152 , 1, 0, 0,
        -0.2324446409225,0.5450019162023, 1, 0, 0,
        -0.2228447576823,0.557601762955 , 1, 0, 0,
        -0.2159448416034,0.5747015549766, 1, 0, 0,
        -0.2138448671446,0.5870014053782, 1, 0, 0,
        -0.2126448817396,0.5969012849696, 1, 0, 0,
        -0.2156448452521,0.6062011718586, 1, 0, 0,
        -0.221344775926 ,0.6167010441525, 1, 0, 0,
        -0.233044633625 ,0.6296008872566, 1, 0, 0,
        -0.2456444803778,0.6407007522531, 1, 0, 0,
        -0.2636442614532,0.6515006208983, 1, 0, 0,
        -0.2876439695537,0.6635004749486, 1, 0, 0,
        -0.3155436302205,0.67340035454  , 1, 0, 0,
        -0.3467432507512,0.6818002523752, 1, 0, 0,
        -0.3776428749306,0.6887001684541, 1, 0, 0,
        -0.4082425027588,0.6947000954792, 1, 0, 0,
        -0.4361421634256,0.6986000480456, 1, 0, 0,
        -0.4661417985513,0.7013000152069, 1, 0, 0,
        -0.4904415030031,0.7016000115581, 1, 0, 0,//63

        -0.5709067227247,0.7264548123504, 0, 1, 0, //64
        -0.5893932515796,0.7236603370584, 0, 1, 0,
        -0.6108892153642,0.720006023215 , 0, 1, 0,
        -0.6309167897569,0.7160680577716, 0, 1, 0,
        -0.6522284803558,0.7121818083094, 0, 1, 0,
        -0.6718784641971,0.7079960658219, 0, 1, 0,
        -0.6912571406378,0.7032823337147, 0, 1, 0,
        -0.7091645813944,0.6978476805126, 0, 1, 0,
        -0.7269659759509,0.6921910827652, 0, 1, 0,
        -0.7452031858646,0.68416553128  , 0, 1, 0,
        -0.759351612568 ,0.675612919866 , 0, 1, 0,
        -0.76919843514  ,0.6683072127965, 0, 1, 0,
        -0.7795109231529,0.6590566476095, 0, 1, 0,
        -0.7881567356534,0.6495871205242, 0, 1, 0,
        -0.793013520419 ,0.6429717003161, 0, 1, 0,
        -0.7981784532824,0.6339699601827, 0, 1, 0,
        -0.8006288575111,0.6276239536021, 0, 1, 0,
        -0.8            ,0.62           , 0, 1, 0,
        -0.7973075890304,0.6134420997924, 0, 1, 0,
        -0.7944793579951,0.6068693927357, 0, 1, 0,
        -0.7915598032578,0.6015297822046, 0, 1, 0,
        -0.7872310039454,0.5953334239994, 0, 1, 0,
        -0.7829490464027,0.5899582690669, 0, 1, 0,
        -0.7771838906065,0.5838087695509, 0, 1, 0,
        -0.7710343910905,0.5780436137547, 0, 1, 0,
        -0.7645005478548,0.5718941142387, 0, 1, 0,
        -0.7571980171796,0.5657446147228, 0, 1, 0,
        -0.7502798302242,0.5599794589266, 0, 1, 0,
        -0.7410555809503,0.5542143031304, 0, 1, 0,
        -0.7329843628356,0.5488334910539, 0, 1, 0,
        -0.7260661758801,0.5442213664169, 0, 1, 0,
        -0.7176077343563,0.5404155651499, 0, 1, 0,
        -0.7052367666112,0.5357165153862, 0, 1, 0,
        -0.688677502924 ,0.5278746395203, 0, 1, 0,
        -0.6576100215344,0.5160737407135, 0, 1, 0,
        -0.6332843101336,0.5086047855859, 0, 1, 0,
        -0.6030296698132,0.500716039829 , 0, 1, 0,
        -0.5825709445535,0.4959481165693, 0, 1, 0,
        -0.5619388402663,0.4910935037958, 0, 1, 0,
        -0.5427804577138,0.48823274984  , 0, 1, 0,
        -0.5224951114817,0.4859788224809, 0, 1, 0,
        -0.5016896281668,0.4834648265804, 0, 1, 0,
        -0.4798438706862,0.4816443467903, 0, 1, 0,
        -0.455354101846 ,0.4796426723206, 0, 1, 0,
        -0.4290576402133,0.4802350623489, 0, 1, 0,
        -0.4081738505584,0.4806138044826, 0, 1, 0,
        -0.3877237920131,0.4811576890184, 0, 1, 0,
        -0.3670862613723,0.4815239580107, 0, 1, 0,
        -0.3442155379124,0.4825169433063, 0, 1, 0,
        -0.3163923996645,0.4848894589709, 0, 1, 0,
        -0.2896476776278,0.4889874405733, 0, 1, 0,
        -0.2583736075042,0.4971834037781, 0, 1, 0,
        -0.2363739167965,0.5060264167096, 0, 1, 0,
        -0.2214917730826,0.5137910134299, 0, 1, 0,
        -0.2020802812817,0.526947691206 , 0, 1, 0,
        -0.1841785721765,0.5478689657025, 0, 1, 0,
        -0.1712375776426,0.56598635805  , 0, 1, 0,
        -0.1671395960402,0.5735352715281, 0, 1, 0,
        -0.1662768630712,0.5778489363727, 0, 1, 0,
        -0.1658454965868,0.5834567006708, 0, 1, 0,
        -0.1662768630712,0.5884174152421, 0, 1, 0,
        -0.1673552792824,0.5944565460246, 0, 1, 0,
        -0.1692964284625,0.6015740930182, 0, 1, 0,
        -0.1749041927605,0.6151621372788, 0, 1, 0,
        -0.1850413051454,0.6328481631418, 0, 1, 0,
        -0.1949627342881,0.6451421079491, 0, 1, 0,
        -0.2130801266355,0.6602399349053, 0, 1, 0,
        -0.2294720530451,0.6710240970169, 0, 1, 0,
        -0.2461097281479,0.6797128638794, 0, 1, 0,
        -0.2630767957309,0.6869624291194, 0, 1, 0,
        -0.2839000150373,0.6957544550488, 0, 1, 0,
        -0.3102987719316,0.7052562554192, 0, 1, 0,
        -0.3336743139357,0.712428296716 , 0, 1, 0,
        -0.3562529624624,0.7174752887396, 0, 1, 0,
        -0.376706561716 ,0.7211941249675, 0, 1, 0,
        -0.3980015213906,0.7239452188913, 0, 1, 0,
        -0.4239958507518,0.7263324532204, 0, 1, 0,
        -0.4468072010075,0.7280565669025, 0, 1, 0,
        -0.4683778192957,0.7301458485525, 0, 1, 0,
        -0.4862161103761,0.7302482884274, 0, 1, 0,
        -0.5040475359039,0.7297791164056, 0, 1, 0,
        -0.5233648975112,0.7290819590217, 0, 1, 0,
        -0.5418871716154,0.7283894490911, 0, 1, 0,
        -0.5562894673511,0.7273146509018, 0, 1, 0, //147

        -0.524412626266 ,0.7346859839795, 0 ,0, 1, //148
        -0.5408405719819,0.7338576841955, 0 ,0, 1,
        -0.5600295169779,0.7326152345195, 0 ,0, 1,
        -0.5778379623339,0.7309586349515, 0 ,0, 1,
        -0.5989596068258,0.7283356856355, 0 ,0, 1,
        -0.6169061021458,0.7259888362475, 0 ,0, 1,
        -0.6370613968898,0.7232278369675, 0 ,0, 1,
        -0.6568025417418,0.7204668376875, 0 ,0, 1,
        -0.6755773368457,0.7168775386235, 0 ,0, 1,
        -0.6949043318057,0.7134262895235, 0 ,0, 1,
        -0.7121605773057,0.7091467406395, 0 ,0, 1,
        -0.7324539220136,0.7027964422955, 0 ,0, 1,
        -0.7510906671536,0.6968602938435, 0 ,0, 1,
        -0.7675186128696,0.6903719455355, 0 ,0, 1,
        -0.7862934079735,0.6812606479116, 0 ,0, 1,
        -0.8025833037255,0.6709069006116, 0 ,0, 1,
        -0.8193754064785,0.6566177826743, 0 ,0, 1,    
        -0.832960956321 ,0.6424052074544, 0 ,0, 1,
        -0.843829396195 ,0.6254755222661, 0 ,0, 1,
        -0.8469645230817,0.6183692346562, 0 ,0, 1,
        -0.8482185738364,0.6120989808828, 0 ,0, 1,
        -0.8469645230817,0.6047836848137, 0 ,0, 1,
        -0.8444564215723,0.5953783041536, 0 ,0, 1,
        -0.8398582354718,0.5853458981161, 0 ,0, 1,
        -0.8314620348111,0.5743045796894, 0 ,0, 1,
        -0.8178079709347,0.5600815964848, 0 ,0, 1,
        -0.797042415456 ,0.5461430729443, 0 ,0, 1,
        -0.7721095794068,0.5303040128561, 0 ,0, 1,
        -0.7474710427664,0.5174839612708, 0 ,0, 1,
        -0.72363375935  ,0.5058657895217, 0 ,0, 1,
        -0.6953895832012,0.4952491843026, 0 ,0, 1,
        -0.6639403941561,0.4836310125535, 0 ,0, 1,
        -0.6306883853568,0.4750175403946, 0 ,0, 1,
        -0.6005582318094,0.468442056837 , 0 ,0, 1,
        -0.5625927805768,0.460035421207 , 0 ,0, 1,
        -0.5200172388374,0.4543406035221, 0 ,0, 1,
        -0.4801535150431,0.4513576037824, 0 ,0, 1,
        -0.4416457002215,0.4502728766043, 0 ,0, 1,
        -0.4066632487286,0.4500016948098, 0 ,0, 1,
        -0.3730367062082,0.4516287855769, 0 ,0, 1,
        -0.3350712549756,0.4562388760837, 0 ,0, 1,
        -0.2960210765649,0.4646455117138, 0 ,0, 1,
        -0.2640216248117,0.4727809655493, 0 ,0, 1,
        -0.2344628092092,0.4838994191246, 0 ,0, 1,
        -0.2078869933464,0.4985432360286, 0 ,0, 1,
        -0.1826670864561,0.51183114396  , 0 ,0, 1,
        -0.1579895431549,0.5308138695763, 0 ,0, 1,
        -0.1433457262509,0.5503389587817, 0 ,0, 1,
        -0.1316849090866,0.5682369572199, 0 ,0, 1,
        -0.1251765460182,0.5877620464253, 0 ,0, 1,
        -0.1243630006346,0.5956263184663, 0 ,0, 1,
        -0.1270748185798,0.6043041358909, 0 ,0, 1,
        -0.1354814542099,0.6230156797127, 0 ,0, 1,
        -0.1498540893194,0.6438966778907, 0 ,0, 1,
        -0.1704639057028,0.6645064942741, 0 ,0, 1,
        -0.1932431764423,0.678065584    , 0 ,0, 1,
        -0.2247002646065,0.6924382191095, 0 ,0, 1,
        -0.2564285345652,0.7040990362738, 0 ,0, 1,
        -0.2878856227294,0.7133192172875, 0 ,0, 1,
        -0.311749620647 ,0.7187428531778, 0 ,0, 1,
        -0.3351002305295,0.7236301917211, 0 ,0, 1,
        -0.3564946167426,0.7274206706024, 0 ,0, 1,
        -0.3849687051671,0.7312172157257, 0 ,0, 1,
        -0.4050361579615,0.7331154882873, 0 ,0, 1,
        -0.4234765199887,0.7344713972599, 0 ,0, 1,
        -0.4514082448242,0.7352849426435, 0 ,0, 1,
        -0.4741875155637,0.7358273062325, 0 ,0, 1,
        -0.4942549683581,0.735556124438 , 0 ,0, 1,
        -0.5097123306457,0.735556124438 , 0 ,0, 1, //216

        -0.8482185738364,0.6120989808828, 1, 0 ,0, //217
        -0.8516626989283,0.5981986630244, 1, 0 ,0,
        -0.8543220032417,0.5870295849082, 1, 0 ,0,
        -0.8699268775316,0.5328275643715, 1, 0 ,0,
        -0.87012253915  ,0.5265448477958, 1, 0 ,0,
        -0.8689577736473,0.5207142802218, 1, 0 ,0,
        -0.8669705868983,0.5137403344464, 1, 0 ,0,
        -0.8638158551698,0.5074308709892, 1, 0 ,0,
        -0.8599600719459,0.5018224590273, 1, 0 ,0,
        -0.8555785001007,0.4951624698226, 1, 0 ,0,
        -0.8501129463446,0.4887166885455, 1, 0 ,0,
        -0.8440274832079,0.4826312254087, 1, 0 ,0,
        -0.8334342695995,0.4729395618947, 1, 0 ,0,
        -0.819554236973 ,0.4611645822499, 1, 0 ,0,
        -0.8007924529522,0.4472378049914, 1, 0 ,0,
        -0.7796676557563,0.4343916445344, 1, 0 ,0,
        -0.7521109655597,0.4199419879248, 1, 0 ,0,
        -0.722002668816 ,0.4035608594376, 1, 0 ,0,
        -0.6914577517805,0.3896153810352, 1, 0 ,0,
        -0.6627704209389,0.3797797247467, 1, 0 ,0,
        -0.6352820487712,0.3708297614663, 1, 0 ,0,
        -0.6041474002691,0.3624234063708, 1, 0 ,0,
        -0.571144672857 ,0.3561964766704, 1, 0 ,0,
        -0.5443688751452,0.35121493291  , 1, 0 ,0,
        -0.5207065422836,0.3481014680598, 1, 0 ,0,
        -0.4945534375419,0.3456106961797, 1, 0 ,0,
        -0.4663618262896,0.3453856756152, 1, 0 ,0,
        -0.4339730968463,0.34586198046  , 1, 0 ,0,  
        -0.4015917744159,0.3485256488773, 1, 0 ,0,
        -0.3711644587323,0.3510049116367, 1, 0 ,0,
        -0.340060980478 ,0.3548364995376, 1, 0 ,0,
        -0.3064782394642,0.3609219626743, 1, 0 ,0,
        -0.2801078992051,0.3676835883818, 1, 0 ,0,
        -0.2523852338045,0.3785021895137, 1, 0 ,0,
        -0.2237610183095,0.3922508284522, 1, 0 ,0,
        -0.1985176156683,0.4050979172964, 1, 0 ,0,
        -0.1725980504564,0.4190719437585, 1, 0 ,0,
        -0.1509608481925,0.4357506205036, 1, 0 ,0,
        -0.1306759710701,0.4567116601968, 1, 0 ,0,
        -0.1148988444193,0.4799265751258, 1, 0 ,0,
        -0.105883343476 ,0.5006622272953, 1, 0 ,0,
        -0.1040802432873,0.5254548548894, 1, 0 ,0,
        -0.1270748185798,0.6043041358909, 1, 0, 0, //259

        -0.8605850133982,0.5738112925768, 0, 1, 0, //260
        -0.8723531286559,0.5604233817893, 0, 1, 0,
        -0.8836162464063,0.5454058914553, 0, 1, 0,
        -0.8919275902988,0.53064493403  , 0, 1, 0,
        -0.8993567704986,0.5136197294057, 0, 1, 0,
        -0.904515923415 ,0.4979359045396, 0, 1, 0,
        -0.9087464288065,0.4843157408401, 0, 1, 0,
        -0.9116355544398,0.469870112674 , 0, 1, 0,
        -0.9147310461896,0.4543926539246, 0, 1, 0,
        -0.9182392701728,0.4334464930837, 0, 1, 0,
        -0.9208188466311,0.4155958239927, 0, 1, 0,
        -0.9219538602727,0.4011501958266, 0, 1, 0,
        -0.922676141681 ,0.3852600048439, 0, 1, 0,
        -0.9235016061476,0.3658615898779, 0, 1, 0,
        -0.9245334367309,0.3537891720534, 0, 1, 0,
        -0.9249501549914,0.3392878637003, 0, 1, 0,
        -0.9236117993678,0.322781477675 , 0, 1, 0,
        -0.9185557892339,0.3055315607476, 0, 1, 0,
        -0.9100795369506,0.2829282213255, 0, 1, 0,
        -0.8969933930746,0.2622580622487, 0, 1, 0,
        -0.8853943110028,0.2464952071254, 0, 1, 0,
        -0.8724568733072,0.2345987126927, 0, 1, 0,
        -0.8596502344821,0.2232168509152, 0, 1, 0,
        -0.8413091791845,0.2091287484958, 0, 1, 0,
        -0.8150098214092,0.190343492942 , 0, 1, 0,
        -0.7824487117826,0.1721844125733, 0, 1, 0,
        -0.7431536823651,0.1503776685511, 0, 1, 0,
        -0.6966627114203,0.1321092007252, 0, 1, 0,
        -0.639177162089 ,0.1122568694893, 0, 1, 0,
        -0.5776894262463,0.1008004414689, 0, 1, 0,
        -0.5205255413532,0.0954504334638, 0, 1, 0,
        -0.4641180272656,0.0940912162569, 0, 1, 0,
        -0.4070309045745,0.0961300420673, 0, 1, 0,
        -0.3377108270211,0.1036057367054, 0, 1, 0,
        -0.2751868355023,0.1171979087747, 0, 1, 0,
        -0.2208181472251,0.1335085152579, 0, 1, 0,
        -0.1718863277756,0.1579744249826, 0, 1, 0,
        -0.1304302029643,0.189236420742 , 0, 1, 0,
        -0.1100419448603,0.2116635046563, 0, 1, 0,
        -0.0916925125668,0.2436051090192, 0, 1, 0,
        -0.0747022974802,0.2809835822098, 0, 1, 0,
        -0.0617897340143,0.3176824467969, 0, 1, 0,
        -0.0577120823935,0.3591385716082, 0, 1, 0,
        -0.0563528651866,0.3965170447988, 0, 1, 0,
        -0.0590712996005,0.4291382577651, 0, 1, 0,
        -0.0672266028421,0.4637982965418, 0, 1, 0,
        -0.0781003404975,0.5072932471636, 0, 1, 0,
        -0.087614860946 ,0.528361113871 , 0, 1, 0,
        -0.099872668778 ,0.5489900870022, 0, 1, 0,
        -0.1155727980586,0.5660169877713, 0, 1, 0, //309

        -0.9245334367309,0.3537891720534, 0, 0, 1, //310
        -0.9286722161324,0.3480893847631, 0, 0, 1,
        -0.9280997162722,0.3410762614752, 0, 0, 1,
        -0.9305328406782,0.3445112606367, 0, 0, 1,
        -0.9263822166915,0.3346356380476, 0, 0, 1,
        -0.9275272164119,0.3290537644103, 0, 0, 1,
        -0.9285290911673,0.3237581407031, 0, 0, 1,
        -0.9282428412372,0.3204662665067, 0, 0, 1,
        -0.9265253416565,0.3160293925899, 0, 0, 1,
        -0.9263822166915,0.311449393708 , 0, 0, 1,
        -0.9275272164119,0.3058675200707, 0, 0, 1,
        -0.927670341377 ,0.299426896643 , 0, 0, 1,
        -0.9260959667613,0.2929862732154, 0, 0, 1,
        -0.9248078420758,0.2849712751721, 0, 0, 1,
        -0.9220884677397,0.2809637761504, 0, 0, 1,
        -0.9259528417963,0.2889787741937, 0, 0, 1,
        -0.9230903424951,0.277528776989 , 0, 0, 1,
        -0.92294721753  ,0.2725194032119, 0, 0, 1,
        -0.92           ,0.27           , 0, 0, 1,
        -0.918080968718 ,0.2669375295746, 0, 0, 1,
        -0.9159340942421,0.2625006556578, 0, 0, 1,
        -0.9139303447313,0.2569187820205, 0, 0, 1,
        -0.91           ,0.25           , 0, 0, 1,
        -0.9149322194867,0.2589225315313, 0, 0, 1,
        -0.9123559701157,0.2543425326494, 0, 0, 1,
        -0.9114972203253,0.2517662832784, 0, 0, 1,
        -0.908205346129 ,0.2477587842567, 0, 0, 1,
        -0.9062015966181,0.2443237850953, 0, 0, 1,
        -0.9053428468278,0.2413181608291, 0, 0, 1,
        -0.9024803475266,0.2396006612484, 0, 0, 1,
        -0.9003393084253,0.2370204546917, 0, 0, 1,
        -0.8986409308485,0.234579036925 , 0, 0, 1,
        -0.8947134327022,0.2311822817714, 0, 0, 1,
        -0.8905736373587,0.2283162696106, 0, 0, 1,
        -0.8861153962196,0.2250256630555, 0, 0, 1,
        -0.8835575378881,0.2222555285517, 0, 0, 1,
        -0.88           ,0.22           , 0, 0, 1,
        -0.8739161412327,0.2142602240082, 0, 0, 1,
        -0.8703888009929,0.2097922597045, 0, 0, 1,
        -0.8654505246572,0.2048539833688, 0, 0, 1,
        -0.8616880284014,0.2032078912569, 0, 0, 1,
        -0.8565145960497,0.200856331097 , 0, 0, 1,
        -0.8506356956501,0.1975641468732, 0, 0, 1,
        -0.8426403911065,0.1938016506174, 0, 0, 1,
        -0.8398185189147,0.1909797784256, 0, 0, 1,
        -0.8369966467229,0.1881579062338, 0, 0, 1,
        -0.8320583703872,0.1862766581059, 0, 0, 1,
        -0.8268849380355,0.1827493178661, 0, 0, 1,
        -0.8238279098277,0.1794571336423, 0, 0, 1,
        -0.818184165444 ,0.1771055734824, 0, 0, 1,
        -0.8083076127726,0.1740485452746, 0, 0, 1,
        -0.8040748044849,0.1721672971467, 0, 0, 1,
        -0.7991365281492,0.167934488859 , 0, 0, 1,
        -0.7953740318934,0.1655829286991, 0, 0, 1,
        -0.7892599754778,0.1641719926032, 0, 0, 1,
        -0.7843216991421,0.1629962125233, 0, 0, 1,
        -0.78           ,0.16           , 0, 0, 1,
        -0.7742099904547,0.1571173121236, 0, 0, 1,
        -0.768331090055 ,0.1535899718839, 0, 0, 1,
        -0.7619818776234,0.150768099692 , 0, 0, 1,
        -0.7544568851119,0.1484165395322, 0, 0, 1,
        -0.7513998569041,0.1463001353883, 0, 0, 1,
        -0.7448154884565,0.1437134192125, 0, 0, 1,
        -0.74           ,0.14           , 0, 0, 1,
        -0.7339983117211,0.1378345188128, 0, 0, 1,
        -0.7267084752255,0.134777490605 , 0, 0, 1,
        -0.7220053549058,0.1324259304451, 0, 0, 1,
        -0.7158912984902,0.1303095263013, 0, 0, 1,
        -0.7102475541065,0.1298392142693, 0, 0, 1,
        -0.7041334976909,0.1281931221574, 0, 0, 1,
        -0.6966085051794,0.1263118740295, 0, 0, 1,
        -0.6916702288437,0.1258415619975, 0, 0, 1,
        -0.686731952508 ,0.1241954698856, 0, 0, 1,
        -0.6792069599964,0.1225493777737, 0, 0, 1,
        -0.6707413434209,0.117846257454 , 0, 0, 1,
        -0.6660382231012,0.1159650093261, 0, 0, 1,
        -0.6552210463659,0.1122025130704, 0, 0, 1,
        -0.6474608978383,0.1105564209585, 0, 0, 1,
        -0.6425226215026,0.1070290807187, 0, 0, 1,
        -0.636878877119 ,0.1056181446227, 0, 0, 1,
        -0.6326460688312,0.1037368964949, 0, 0, 1,
        -0.620182799984 ,0.1030314284469, 0, 0, 1,
        -0.6096007792646,0.100679868287 , 0, 0, 1,
        -0.6041921908969,0.0990337761751, 0, 0, 1,
        -0.5969023544014,0.0971525280473, 0, 0, 1,
        -0.5921992340817,0.0962119039833, 0, 0, 1,
        -0.587496113762 ,0.0957415919513, 0, 0, 1,
        -0.5773844050746,0.0929197197595, 0, 0, 1,
        -0.5686836324831,0.0898626915517, 0, 0, 1,
        -0.5597477038756,0.0898626915517, 0, 0, 1,
        -0.5519875553481,0.0884517554558, 0, 0, 1,
        -0.5472844350284,0.0877462874078, 0, 0, 1,
        -0.5423461586927,0.084924415216 , 0, 0, 1,
        -0.5343508541492,0.085394727248 , 0, 0, 1,
        -0.5282367977335,0.0839837911521, 0, 0, 1,
        -0.5188305570941,0.0835134791201, 0, 0, 1,
        -0.5110704085666,0.0809267629442, 0, 0, 1,
        -0.5026047919911,0.0804564509123, 0, 0, 1,
        -0.4896712111119,0.0823376990402, 0, 0, 1,
        -0.4734454460088,0.0821025430242, 0, 0, 1,
        -0.4647446734174,0.0816322309922, 0, 0, 1,
        -0.45463296473  ,0.0811619189602, 0, 0, 1,
        -0.4442861000266,0.0809267629442, 0, 0, 1,
        -0.4322931432113,0.0825728550561, 0, 0, 1,
        -0.4261790867957,0.0825728550561, 0, 0, 1,
        -0.4170080021722,0.0837486351361, 0, 0, 1,
        -0.4090126976287,0.085159571232 , 0, 0, 1,
        -0.404779889341 ,0.0835134791201, 0, 0, 1,
        -0.3965494287815,0.0835134791201, 0, 0, 1,
        -0.38784865619  ,0.085394727248 , 0, 0, 1,
        -0.3793830396145,0.0882165994398, 0, 0, 1,
        -0.3732689831989,0.0884517554558, 0, 0, 1,
        -0.3638627425595,0.0889220674878, 0, 0, 1,
        -0.35445650192  ,0.0903330035837, 0, 0, 1,
        -0.3464611973765,0.0938603438235, 0, 0, 1,
        -0.3365846447051,0.0973876840632, 0, 0, 1,
        -0.3257674679698,0.0992689321911, 0, 0, 1,
        -0.3116581070106,0.101855648367 , 0, 0, 1,
        -0.3041331144991,0.1039720525108, 0, 0, 1,
        -0.2966081219875,0.1051478325908, 0, 0, 1,
        -0.2876721933801,0.1089103288466, 0, 0, 1,
        -0.2766198606287,0.1119673570544, 0, 0, 1,
        -0.2709761162451,0.1154946972942, 0, 0, 1,
        -0.2613347195896,0.117375945422 , 0, 0, 1,
        -0.2521636349662,0.1201978176139, 0, 0, 1,
        -0.2432277063587,0.1227845337897, 0, 0, 1,
        -0.2331159976714,0.1256064059815, 0, 0, 1,
        -0.1520531047306,0.1878520719237, 0, 0, 1,
        -0.1254933439738,0.1883628365536, 0, 0, 1,
        -0.1147672867451,0.1916828066482, 0, 0, 1,
        -0.1073611996109,0.1955135413728, 0, 0, 1,
        -0.0983252349659,0.2042941237029, 0, 0, 1,
        -0.0936860255923,0.2101305483987, 0, 0, 1,
        -0.0878496008965,0.2167152326708, 0, 0, 1,
        -0.0826117838619,0.2247964360957, 0, 0, 1,
        -0.0770746629967,0.2328776395206, 0, 0, 1,
        -0.0755781438439,0.2403602352844, 0, 0, 1,
        -0.0751291880981,0.246645615726 , 0, 0, 1,
        -0.07348301703  ,0.2505365655232, 0, 0, 1,
        -0.0703403268092,0.2556247306426, 0, 0, 1,
        -0.0671976365884,0.2616108072536, 0, 0, 1,
        -0.0660004212662,0.2669982762035, 0, 0, 1,
        -0.063157034876 ,0.2746305238826, 0, 0, 1,
        -0.0624087752996,0.2806166004937, 0, 0, 1,
        -0.0616605157232,0.2872012847658, 0, 0, 1,
        -0.0601639965705,0.2921397979699, 0, 0, 1,
        -0.0587069531794,0.2948042914757, 0, 0, 1,
        -0.0575718560477,0.2978312171602, 0, 0, 1,
        -0.0571934903371,0.3017409961693, 0, 0, 1,
        -0.0575718560477,0.3060291408889, 0, 0, 1,
        -0.0574457341442,0.3101911637051, 0, 0, 1,
        -0.0579502217583,0.3142270646177, 0, 0, 1,
        -0.0574457341442,0.3178845998198, 0, 0, 1,
        -0.0566890027231,0.3224249883465, 0, 0, 1,
        -0.0574457341442,0.325704157838 , 0, 0, 1,
        -0.0585808312759,0.3293616930401, 0, 0, 1,
        -0.0604726598287,0.3327669844351, 0, 0, 1,
        -0.0619861226709,0.3342804472773, 0, 0, 1, //467