0.512365054247,0.7001557733898, 1, 0, 0,
0.538891299758,0.6987315454429, 1, 0, 0,
0.565981272494,0.6958653045026, 1, 0, 0,
0.587875999933,0.6935194408484, 1, 0, 0,
0.608502041175,0.6897670975525, 1, 0, 0,
0.630959080757,0.6851454392813, 1, 0, 0,
0.652944673357,0.6787696174273, 1, 0, 0,
0.671412571141,0.6723937955733, 1, 0, 0,
0.690759892629,0.6644789822373, 1, 0, 0,
0.711646205599,0.6556847451974, 1, 0, 0,
0.730773671160,0.6440323811194, 1, 0, 0,
0.747043009684,0.6323800170414, 1, 0, 0,
0.754208301647,0.6231192683211, 1, 0, 0,
0.757670999430,0.6124940283211, 1, 0, 0,
0.756113796624,0.6185143221255, 1, 0, 0,
0.758132569826,0.6051772827753, 1, 0, 0,
0.757536120683,0.5978547192149, 1, 0, 0,
0.755096126537,0.5905347367768, 1, 0, 0,
0.750000000000,0.58           , 1, 0, 0,
0.742896155807,0.5706393998938, 1, 0, 0,
0.736807115941,0.562628556284 , 1, 0, 0,
0.727435298764,0.5520639623761, 1, 0, 0,
0.716592961504,0.543110939432 , 1, 0, 0,
0.704872730802,0.5365049912185, 1, 0, 0,
0.688677502924,0.5278746395203, 1, 0, 0,
0.657610021534,0.5160737407135, 1, 0, 0,
0.633284310134,0.5086047855859, 1, 0, 0,
0.603029669813,0.500716039829 , 1, 0, 0,
0.582570944554,0.4959481165693, 1, 0, 0,
0.561938840266,0.4910935037958, 1, 0, 0,
0.542780457714,0.48823274984  , 1, 0, 0,
0.522495111482,0.4859788224809, 1, 0, 0,
0.501689628167,0.4834648265804, 1, 0, 0,
0.479843870686,0.4816443467903, 1, 0, 0,
0.455354101846,0.4796426723206, 1, 0, 0,
0.428798471034,0.4819353448169, 1, 0, 0,
0.408269542668,0.4840142236387, 1, 0, 0,
0.388000474155,0.4868726820189, 1, 0, 0,
0.368770845052,0.4907705798099, 1, 0, 0,
0.350320795508,0.494668477601 , 1, 0, 0,
0.331443436837,0.4994024708113, 1, 0, 0,
0.314043648464,0.5048024051339, 1, 0, 0,
0.296643860091,0.5105023358078, 1, 0, 0,
0.278644079016,0.5171022555354, 1, 0, 0,
0.263644261453,0.5243021679656, 1, 0, 0,
0.247444458485,0.533002062152 , 1, 0, 0,
0.232444640923,0.5450019162023, 1, 0, 0,
0.222844757682,0.557601762955 , 1, 0, 0,
0.215944841603,0.5747015549766, 1, 0, 0,
0.213844867145,0.5870014053782, 1, 0, 0,
0.212644881740,0.5969012849696, 1, 0, 0,
0.215644845252,0.6062011718586, 1, 0, 0,
0.221344775926,0.6167010441525, 1, 0, 0,
0.233044633625,0.6296008872566, 1, 0, 0,
0.245644480378,0.6407007522531, 1, 0, 0,
0.263644261453,0.6515006208983, 1, 0, 0,
0.287643969554,0.6635004749486, 1, 0, 0,
0.315543630221,0.67340035454  , 1, 0, 0,
0.346743250751,0.6818002523752, 1, 0, 0,
0.377642874931,0.6887001684541, 1, 0, 0,
0.408242502759,0.6947000954792, 1, 0, 0,
0.436142163426,0.6986000480456, 1, 0, 0,
0.466141798551,0.7013000152069, 1, 0, 0,
0.490441503003,0.7016000115581, 1, 0, 0,
              
0.570906722725,0.7264548123504, 0, 1, 0,
0.589393251580,0.7236603370584, 0, 1, 0,
0.610889215364,0.720006023215 , 0, 1, 0,
0.630916789757,0.7160680577716, 0, 1, 0,
0.652228480356,0.7121818083094, 0, 1, 0,
0.671878464197,0.7079960658219, 0, 1, 0,
0.691257140638,0.7032823337147, 0, 1, 0,
0.709164581394,0.6978476805126, 0, 1, 0,
0.726965975951,0.6921910827652, 0, 1, 0,
0.745203185865,0.68416553128  , 0, 1, 0,
0.759351612568,0.675612919866 , 0, 1, 0,
0.769198435140,0.6683072127965, 0, 1, 0,
0.779510923153,0.6590566476095, 0, 1, 0,
0.788156735653,0.6495871205242, 0, 1, 0,
0.793013520419,0.6429717003161, 0, 1, 0,
0.798178453282,0.6339699601827, 0, 1, 0,
0.800628857511,0.6276239536021, 0, 1, 0,
0.800000000000,0.62           , 0, 1, 0,
0.797307589030,0.6134420997924, 0, 1, 0,
0.794479357995,0.6068693927357, 0, 1, 0,
0.791559803258,0.6015297822046, 0, 1, 0,
0.787231003945,0.5953334239994, 0, 1, 0,
0.782949046403,0.5899582690669, 0, 1, 0,
0.777183890606,0.5838087695509, 0, 1, 0,
0.771034391090,0.5780436137547, 0, 1, 0,
0.764500547855,0.5718941142387, 0, 1, 0,
0.757198017180,0.5657446147228, 0, 1, 0,
0.750279830224,0.5599794589266, 0, 1, 0,
0.741055580950,0.5542143031304, 0, 1, 0,
0.732984362836,0.5488334910539, 0, 1, 0,
0.726066175880,0.5442213664169, 0, 1, 0,
0.717607734356,0.5404155651499, 0, 1, 0,
0.705236766611,0.5357165153862, 0, 1, 0,
0.688677502924,0.5278746395203, 0, 1, 0,
0.657610021534,0.5160737407135, 0, 1, 0,
0.633284310134,0.5086047855859, 0, 1, 0,
0.603029669813,0.500716039829 , 0, 1, 0,
0.582570944554,0.4959481165693, 0, 1, 0,
0.561938840266,0.4910935037958, 0, 1, 0,
0.542780457714,0.48823274984  , 0, 1, 0,
0.522495111482,0.4859788224809, 0, 1, 0,
0.501689628167,0.4834648265804, 0, 1, 0,
0.479843870686,0.4816443467903, 0, 1, 0,
0.455354101846,0.4796426723206, 0, 1, 0,
0.429057640213,0.4802350623489, 0, 1, 0,
0.408173850558,0.4806138044826, 0, 1, 0,
0.387723792013,0.4811576890184, 0, 1, 0,
0.367086261372,0.4815239580107, 0, 1, 0,
0.344215537912,0.4825169433063, 0, 1, 0,
0.316392399665,0.4848894589709, 0, 1, 0,
0.289647677628,0.4889874405733, 0, 1, 0,
0.258373607504,0.4971834037781, 0, 1, 0,
0.236373916796,0.5060264167096, 0, 1, 0,
0.221491773083,0.5137910134299, 0, 1, 0,
0.202080281282,0.526947691206 , 0, 1, 0,
0.184178572176,0.5478689657025, 0, 1, 0,
0.171237577643,0.56598635805  , 0, 1, 0,
0.167139596040,0.5735352715281, 0, 1, 0,
0.166276863071,0.5778489363727, 0, 1, 0,
0.165845496587,0.5834567006708, 0, 1, 0,
0.166276863071,0.5884174152421, 0, 1, 0,
0.167355279282,0.5944565460246, 0, 1, 0,
0.169296428463,0.6015740930182, 0, 1, 0,
0.174904192761,0.6151621372788, 0, 1, 0,
0.185041305145,0.6328481631418, 0, 1, 0,
0.194962734288,0.6451421079491, 0, 1, 0,
0.213080126635,0.6602399349053, 0, 1, 0,
0.229472053045,0.6710240970169, 0, 1, 0,
0.246109728148,0.6797128638794, 0, 1, 0,
0.263076795731,0.6869624291194, 0, 1, 0,
0.283900015037,0.6957544550488, 0, 1, 0,
0.310298771932,0.7052562554192, 0, 1, 0,
0.333674313936,0.712428296716 , 0, 1, 0,
0.356252962462,0.7174752887396, 0, 1, 0,
0.376706561716,0.7211941249675, 0, 1, 0,
0.398001521391,0.7239452188913, 0, 1, 0,
0.423995850752,0.7263324532204, 0, 1, 0,
0.446807201007,0.7280565669025, 0, 1, 0,
0.468377819296,0.7301458485525, 0, 1, 0,
0.486216110376,0.7302482884274, 0, 1, 0,
0.504047535904,0.7297791164056, 0, 1, 0,
0.523364897511,0.7290819590217, 0, 1, 0,
0.541887171615,0.7283894490911, 0, 1, 0,
0.556289467351,0.7273146509018, 0, 1, 0,
              
0.524412626266,0.7346859839795, 0 ,0, 1,
0.540840571982,0.7338576841955, 0 ,0, 1,
0.560029516978,0.7326152345195, 0 ,0, 1,
0.577837962334,0.7309586349515, 0 ,0, 1,
0.598959606826,0.7283356856355, 0 ,0, 1,
0.616906102146,0.7259888362475, 0 ,0, 1,
0.637061396890,0.7232278369675, 0 ,0, 1,
0.656802541742,0.7204668376875, 0 ,0, 1,
0.675577336846,0.7168775386235, 0 ,0, 1,
0.694904331806,0.7134262895235, 0 ,0, 1,
0.712160577306,0.7091467406395, 0 ,0, 1,
0.732453922014,0.7027964422955, 0 ,0, 1,
0.751090667154,0.6968602938435, 0 ,0, 1,
0.767518612870,0.6903719455355, 0 ,0, 1,
0.786293407974,0.6812606479116, 0 ,0, 1,
0.802583303726,0.6709069006116, 0 ,0, 1,
0.819375406479,0.6566177826743, 0 ,0, 1,
0.832960956321,0.6424052074544, 0 ,0, 1,
0.843829396195,0.6254755222661, 0 ,0, 1,
0.846964523082,0.6183692346562, 0 ,0, 1,
0.848218573836,0.6120989808828, 0 ,0, 1,
0.846964523082,0.6047836848137, 0 ,0, 1,
0.844456421572,0.5953783041536, 0 ,0, 1,
0.839858235472,0.5853458981161, 0 ,0, 1,
0.831462034811,0.5743045796894, 0 ,0, 1,
0.817807970935,0.5600815964848, 0 ,0, 1,
0.797042415456,0.5461430729443, 0 ,0, 1,
0.772109579407,0.5303040128561, 0 ,0, 1,
0.747471042766,0.5174839612708, 0 ,0, 1,
0.723633759350,0.5058657895217, 0 ,0, 1,
0.695389583201,0.4952491843026, 0 ,0, 1,
0.663940394156,0.4836310125535, 0 ,0, 1,
0.630688385357,0.4750175403946, 0 ,0, 1,
0.600558231809,0.468442056837 , 0 ,0, 1,
0.562592780577,0.460035421207 , 0 ,0, 1,
0.520017238837,0.4543406035221, 0 ,0, 1,
0.480153515043,0.4513576037824, 0 ,0, 1,
0.441645700222,0.4502728766043, 0 ,0, 1,
0.406663248729,0.4500016948098, 0 ,0, 1,
0.373036706208,0.4516287855769, 0 ,0, 1,
0.335071254976,0.4562388760837, 0 ,0, 1,
0.296021076565,0.4646455117138, 0 ,0, 1,
0.264021624812,0.4727809655493, 0 ,0, 1,
0.234462809209,0.4838994191246, 0 ,0, 1,
0.207886993346,0.4985432360286, 0 ,0, 1,
0.182667086456,0.51183114396  , 0 ,0, 1,
0.157989543155,0.5308138695763, 0 ,0, 1,
0.143345726251,0.5503389587817, 0 ,0, 1,
0.131684909087,0.5682369572199, 0 ,0, 1,
0.125176546018,0.5877620464253, 0 ,0, 1,
0.124363000635,0.5956263184663, 0 ,0, 1,
0.127074818580,0.6043041358909, 0 ,0, 1,
0.135481454210,0.6230156797127, 0 ,0, 1,
0.149854089319,0.6438966778907, 0 ,0, 1,
0.170463905703,0.6645064942741, 0 ,0, 1,
0.193243176442,0.678065584    , 0 ,0, 1,
0.224700264606,0.6924382191095, 0 ,0, 1,
0.256428534565,0.7040990362738, 0 ,0, 1,
0.287885622729,0.7133192172875, 0 ,0, 1,
0.311749620647,0.7187428531778, 0 ,0, 1,
0.335100230529,0.7236301917211, 0 ,0, 1,
0.356494616743,0.7274206706024, 0 ,0, 1,
0.384968705167,0.7312172157257, 0 ,0, 1,
0.405036157961,0.7331154882873, 0 ,0, 1,
0.423476519989,0.7344713972599, 0 ,0, 1,
0.451408244824,0.7352849426435, 0 ,0, 1,
0.474187515564,0.7358273062325, 0 ,0, 1,
0.494254968358,0.735556124438 , 0 ,0, 1,
0.509712330646,0.735556124438 , 0 ,0, 1,
              
0.848218573836,0.6120989808828, 1, 0 ,0,
0.851662698928,0.5981986630244, 1, 0 ,0,
0.854322003242,0.5870295849082, 1, 0 ,0,
0.869926877532,0.5328275643715, 1, 0 ,0,
0.870122539150,0.5265448477958, 1, 0 ,0,
0.868957773647,0.5207142802218, 1, 0 ,0,
0.866970586898,0.5137403344464, 1, 0 ,0,
0.863815855170,0.5074308709892, 1, 0 ,0,
0.859960071946,0.5018224590273, 1, 0 ,0,
0.855578500101,0.4951624698226, 1, 0 ,0,
0.850112946345,0.4887166885455, 1, 0 ,0,
0.844027483208,0.4826312254087, 1, 0 ,0,
0.833434269599,0.4729395618947, 1, 0 ,0,
0.819554236973,0.4611645822499, 1, 0 ,0,
0.800792452952,0.4472378049914, 1, 0 ,0,
0.779667655756,0.4343916445344, 1, 0 ,0,
0.752110965560,0.4199419879248, 1, 0 ,0,
0.722002668816,0.4035608594376, 1, 0 ,0,
0.691457751780,0.3896153810352, 1, 0 ,0,
0.662770420939,0.3797797247467, 1, 0 ,0,
0.635282048771,0.3708297614663, 1, 0 ,0,
0.604147400269,0.3624234063708, 1, 0 ,0,
0.571144672857,0.3561964766704, 1, 0 ,0,
0.544368875145,0.35121493291  , 1, 0 ,0,
0.520706542284,0.3481014680598, 1, 0 ,0,
0.494553437542,0.3456106961797, 1, 0 ,0,
0.466361826290,0.3453856756152, 1, 0 ,0,
0.433973096846,0.34586198046  , 1, 0 ,0,
0.401591774416,0.3485256488773, 1, 0 ,0,
0.371164458732,0.3510049116367, 1, 0 ,0,
0.340060980478,0.3548364995376, 1, 0 ,0,
0.306478239464,0.3609219626743, 1, 0 ,0,
0.280107899205,0.3676835883818, 1, 0 ,0,
0.252385233805,0.3785021895137, 1, 0 ,0,
0.223761018309,0.3922508284522, 1, 0 ,0,
0.198517615668,0.4050979172964, 1, 0 ,0,
0.172598050456,0.4190719437585, 1, 0 ,0,
0.150960848192,0.4357506205036, 1, 0 ,0,
0.130675971070,0.4567116601968, 1, 0 ,0,
0.114898844419,0.4799265751258, 1, 0 ,0,
0.105883343476,0.5006622272953, 1, 0 ,0,
0.104080243287,0.5254548548894, 1, 0 ,0,
0.127074818580,0.6043041358909, 1, 0, 0,
              
0.860585013398,0.5738112925768, 0, 1, 0,
0.872353128656,0.5604233817893, 0, 1, 0,
0.883616246406,0.5454058914553, 0, 1, 0,
0.891927590299,0.53064493403  , 0, 1, 0,
0.899356770499,0.5136197294057, 0, 1, 0,
0.904515923415,0.4979359045396, 0, 1, 0,
0.908746428807,0.4843157408401, 0, 1, 0,
0.911635554440,0.469870112674 , 0, 1, 0,
0.914731046190,0.4543926539246, 0, 1, 0,
0.918239270173,0.4334464930837, 0, 1, 0,
0.920818846631,0.4155958239927, 0, 1, 0,
0.921953860273,0.4011501958266, 0, 1, 0,
0.922676141681,0.3852600048439, 0, 1, 0,
0.923501606148,0.3658615898779, 0, 1, 0,
0.924533436731,0.3537891720534, 0, 1, 0,
0.924950154991,0.3392878637003, 0, 1, 0,
0.923611799368,0.322781477675 , 0, 1, 0,
0.918555789234,0.3055315607476, 0, 1, 0,
0.910079536951,0.2829282213255, 0, 1, 0,
0.896993393075,0.2622580622487, 0, 1, 0,
0.885394311003,0.2464952071254, 0, 1, 0,
0.872456873307,0.2345987126927, 0, 1, 0,
0.859650234482,0.2232168509152, 0, 1, 0,
0.841309179184,0.2091287484958, 0, 1, 0,
0.815009821409,0.190343492942 , 0, 1, 0,
0.782448711783,0.1721844125733, 0, 1, 0,
0.743153682365,0.1503776685511, 0, 1, 0,
0.696662711420,0.1321092007252, 0, 1, 0,
0.639177162089,0.1122568694893, 0, 1, 0,
0.577689426246,0.1008004414689, 0, 1, 0,
0.520525541353,0.0954504334638, 0, 1, 0,
0.464118027266,0.0940912162569, 0, 1, 0,
0.407030904574,0.0961300420673, 0, 1, 0,
0.337710827021,0.1036057367054, 0, 1, 0,
0.275186835502,0.1171979087747, 0, 1, 0,
0.220818147225,0.1335085152579, 0, 1, 0,
0.171886327776,0.1579744249826, 0, 1, 0,
0.130430202964,0.189236420742 , 0, 1, 0,
0.110041944860,0.2116635046563, 0, 1, 0,
0.091692512567,0.2436051090192, 0, 1, 0,
0.074702297480,0.2809835822098, 0, 1, 0,
0.061789734014,0.3176824467969, 0, 1, 0,
0.057712082394,0.3591385716082, 0, 1, 0,
0.056352865187,0.3965170447988, 0, 1, 0,
0.059071299600,0.4291382577651, 0, 1, 0,
0.067226602842,0.4637982965418, 0, 1, 0,
0.078100340498,0.5072932471636, 0, 1, 0,
0.087614860946,0.528361113871 , 0, 1, 0,
0.099872668778,0.5489900870022, 0, 1, 0,
0.115572798059,0.5660169877713, 0, 1, 0,
              
0.924533436731,0.3537891720534, 0, 0, 1,
0.928672216132,0.3480893847631, 0, 0, 1,
0.928099716272,0.3410762614752, 0, 0, 1,
0.930532840678,0.3445112606367, 0, 0, 1,
0.926382216692,0.3346356380476, 0, 0, 1,
0.927527216412,0.3290537644103, 0, 0, 1,
0.928529091167,0.3237581407031, 0, 0, 1,
0.928242841237,0.3204662665067, 0, 0, 1,
0.926525341657,0.3160293925899, 0, 0, 1,
0.926382216692,0.311449393708 , 0, 0, 1,
0.927527216412,0.3058675200707, 0, 0, 1,
0.927670341377,0.299426896643 , 0, 0, 1,
0.926095966761,0.2929862732154, 0, 0, 1,
0.924807842076,0.2849712751721, 0, 0, 1,
0.922088467740,0.2809637761504, 0, 0, 1,
0.925952841796,0.2889787741937, 0, 0, 1,
0.923090342495,0.277528776989 , 0, 0, 1,
0.922947217530,0.2725194032119, 0, 0, 1,
0.920000000000,0.27           , 0, 0, 1,
0.918080968718,0.2669375295746, 0, 0, 1,
0.915934094242,0.2625006556578, 0, 0, 1,
0.913930344731,0.2569187820205, 0, 0, 1,
0.910000000000,0.25           , 0, 0, 1,
0.914932219487,0.2589225315313, 0, 0, 1,
0.912355970116,0.2543425326494, 0, 0, 1,
0.911497220325,0.2517662832784, 0, 0, 1,
0.908205346129,0.2477587842567, 0, 0, 1,
0.906201596618,0.2443237850953, 0, 0, 1,
0.905342846828,0.2413181608291, 0, 0, 1,
0.902480347527,0.2396006612484, 0, 0, 1,
0.900339308425,0.2370204546917, 0, 0, 1,
0.898640930849,0.234579036925 , 0, 0, 1,
0.894713432702,0.2311822817714, 0, 0, 1,
0.890573637359,0.2283162696106, 0, 0, 1,
0.886115396220,0.2250256630555, 0, 0, 1,
0.883557537888,0.2222555285517, 0, 0, 1,
0.880000000000,0.22           , 0, 0, 1,
0.873916141233,0.2142602240082, 0, 0, 1,
0.870388800993,0.2097922597045, 0, 0, 1,
0.865450524657,0.2048539833688, 0, 0, 1,
0.861688028401,0.2032078912569, 0, 0, 1,
0.856514596050,0.200856331097 , 0, 0, 1,
0.850635695650,0.1975641468732, 0, 0, 1,
0.842640391107,0.1938016506174, 0, 0, 1,
0.839818518915,0.1909797784256, 0, 0, 1,
0.836996646723,0.1881579062338, 0, 0, 1,
0.832058370387,0.1862766581059, 0, 0, 1,
0.826884938036,0.1827493178661, 0, 0, 1,
0.823827909828,0.1794571336423, 0, 0, 1,
0.818184165444,0.1771055734824, 0, 0, 1,
0.808307612773,0.1740485452746, 0, 0, 1,
0.804074804485,0.1721672971467, 0, 0, 1,
0.799136528149,0.167934488859 , 0, 0, 1,
0.795374031893,0.1655829286991, 0, 0, 1,
0.789259975478,0.1641719926032, 0, 0, 1,
0.784321699142,0.1629962125233, 0, 0, 1,
0.780000000000,0.16           , 0, 0, 1,
0.774209990455,0.1571173121236, 0, 0, 1,
0.768331090055,0.1535899718839, 0, 0, 1,
0.761981877623,0.150768099692 , 0, 0, 1,
0.754456885112,0.1484165395322, 0, 0, 1,
0.751399856904,0.1463001353883, 0, 0, 1,
0.744815488457,0.1437134192125, 0, 0, 1,
0.740000000000,0.14           , 0, 0, 1,
0.733998311721,0.1378345188128, 0, 0, 1,
0.726708475225,0.134777490605 , 0, 0, 1,
0.722005354906,0.1324259304451, 0, 0, 1,
0.715891298490,0.1303095263013, 0, 0, 1,
0.710247554106,0.1298392142693, 0, 0, 1,
0.704133497691,0.1281931221574, 0, 0, 1,
0.696608505179,0.1263118740295, 0, 0, 1,
0.691670228844,0.1258415619975, 0, 0, 1,
0.686731952508,0.1241954698856, 0, 0, 1,
0.679206959996,0.1225493777737, 0, 0, 1,
0.670741343421,0.117846257454 , 0, 0, 1,
0.666038223101,0.1159650093261, 0, 0, 1,
0.655221046366,0.1122025130704, 0, 0, 1,
0.647460897838,0.1105564209585, 0, 0, 1,
0.642522621503,0.1070290807187, 0, 0, 1,
0.636878877119,0.1056181446227, 0, 0, 1,
0.632646068831,0.1037368964949, 0, 0, 1,
0.620182799984,0.1030314284469, 0, 0, 1,
0.609600779265,0.100679868287 , 0, 0, 1,
0.604192190897,0.0990337761751, 0, 0, 1,
0.596902354401,0.0971525280473, 0, 0, 1,
0.592199234082,0.0962119039833, 0, 0, 1,
0.587496113762,0.0957415919513, 0, 0, 1,
0.577384405075,0.0929197197595, 0, 0, 1,
0.568683632483,0.0898626915517, 0, 0, 1,
0.559747703876,0.0898626915517, 0, 0, 1,
0.551987555348,0.0884517554558, 0, 0, 1,
0.547284435028,0.0877462874078, 0, 0, 1,
0.542346158693,0.084924415216 , 0, 0, 1,
0.534350854149,0.085394727248 , 0, 0, 1,
0.528236797733,0.0839837911521, 0, 0, 1,
0.518830557094,0.0835134791201, 0, 0, 1,
0.511070408567,0.0809267629442, 0, 0, 1,
0.502604791991,0.0804564509123, 0, 0, 1,
0.489671211112,0.0823376990402, 0, 0, 1,
0.473445446009,0.0821025430242, 0, 0, 1,
0.464744673417,0.0816322309922, 0, 0, 1,
0.454632964730,0.0811619189602, 0, 0, 1,
0.444286100027,0.0809267629442, 0, 0, 1,
0.432293143211,0.0825728550561, 0, 0, 1,
0.426179086796,0.0825728550561, 0, 0, 1,
0.417008002172,0.0837486351361, 0, 0, 1,
0.409012697629,0.085159571232 , 0, 0, 1,
0.404779889341,0.0835134791201, 0, 0, 1,
0.396549428782,0.0835134791201, 0, 0, 1,
0.387848656190,0.085394727248 , 0, 0, 1,
0.379383039614,0.0882165994398, 0, 0, 1,
0.373268983199,0.0884517554558, 0, 0, 1,
0.363862742560,0.0889220674878, 0, 0, 1,
0.354456501920,0.0903330035837, 0, 0, 1,
0.346461197376,0.0938603438235, 0, 0, 1,
0.336584644705,0.0973876840632, 0, 0, 1,
0.325767467970,0.0992689321911, 0, 0, 1,
0.311658107011,0.101855648367 , 0, 0, 1,
0.304133114499,0.1039720525108, 0, 0, 1,
0.296608121987,0.1051478325908, 0, 0, 1,
0.287672193380,0.1089103288466, 0, 0, 1,
0.276619860629,0.1119673570544, 0, 0, 1,
0.270976116245,0.1154946972942, 0, 0, 1,
0.261334719590,0.117375945422 , 0, 0, 1,
0.252163634966,0.1201978176139, 0, 0, 1,
0.243227706359,0.1227845337897, 0, 0, 1,
0.233115997671,0.1256064059815, 0, 0, 1,
0.152053104731,0.1878520719237, 0, 0, 1,
0.125493343974,0.1883628365536, 0, 0, 1,
0.114767286745,0.1916828066482, 0, 0, 1,
0.107361199611,0.1955135413728, 0, 0, 1,
0.098325234966,0.2042941237029, 0, 0, 1,
0.093686025592,0.2101305483987, 0, 0, 1,
0.087849600896,0.2167152326708, 0, 0, 1,
0.082611783862,0.2247964360957, 0, 0, 1,
0.077074662997,0.2328776395206, 0, 0, 1,
0.075578143844,0.2403602352844, 0, 0, 1,
0.075129188098,0.246645615726 , 0, 0, 1,
0.073483017030,0.2505365655232, 0, 0, 1,
0.070340326809,0.2556247306426, 0, 0, 1,
0.067197636588,0.2616108072536, 0, 0, 1,
0.066000421266,0.2669982762035, 0, 0, 1,
0.063157034876,0.2746305238826, 0, 0, 1,
0.062408775300,0.2806166004937, 0, 0, 1,
0.061660515723,0.2872012847658, 0, 0, 1,
0.060163996570,0.2921397979699, 0, 0, 1,
0.058706953179,0.2948042914757, 0, 0, 1,
0.057571856048,0.2978312171602, 0, 0, 1,
0.057193490337,0.3017409961693, 0, 0, 1,
0.057571856048,0.3060291408889, 0, 0, 1,
0.057445734144,0.3101911637051, 0, 0, 1,
0.057950221758,0.3142270646177, 0, 0, 1,
0.057445734144,0.3178845998198, 0, 0, 1,
0.056689002723,0.3224249883465, 0, 0, 1,
0.057445734144,0.325704157838 , 0, 0, 1,
0.058580831276,0.3293616930401, 0, 0, 1,
0.060472659829,0.3327669844351, 0, 0, 1,
0.061986122671,0.3342804472773, 0, 0, 1,